NCL_enable_addr
5   4
A3  A2  A1  A0  PH0 O3  O2  O1  O0
X   X   X   X   0   N   N   N   N
0   0   0   0   1   0   0   0   0
0   0   0   1   1   0   0   0   1
0   0   1   0   1   0   0   1   0
0   0   1   1   1   0   0   1   1
0   1   0   0   1   0   1   0   0
0   1   0   1   1   0   1   0   1
0   1   1   0   1   0   1   1   0
0   1   1   1   1   0   1   1   1
1   0   0   0   1   1   0   0   0
1   0   0   1   1   1   0   0   1
1   0   1   0   1   1   0   1   0
1   0   1   1   1   1   0   1   1
1   1   0   0   1   1   1   0   0
1   1   0   1   1   1   1   0   1
1   1   1   0   1   1   1   1   0
1   1   1   1   1   1   1   1   1